## xgal,ygal,zgal,mgal,rhgas,rhstar,R200,M200,RTopHat,MTopHat 
80.135971,97.487518,14.332013,15858962432.000000,1.574065,2.427557,463.108612,10606722678784.000000,612.988953,12556585402368.000000 
23.713026,68.465271,10.112304,2347858176.000000,0.659618,2.863253,409.996185,7360510164992.000000,554.705505,9304240291840.000000 
90.032310,57.100609,13.795126,1058276736.000000,14.070807,2.586374,75.335060,45665038336.000000,98.240013,51688386560.000000 
65.544632,69.571190,13.531337,29030055936.000000,127.335831,6.599354,237.227737,1425729650688.000000,314.675415,1698716844032.000000 
77.901772,43.305038,12.277478,34741055488.000000,114.538010,5.645707,216.753052,1087537610752.000000,288.513794,1309230759936.000000 
41.381084,58.103451,12.469457,27106445312.000000,129.405457,4.507889,228.531372,1274706132992.000000,301.113678,1488378134528.000000 
30.008121,10.613156,10.963702,13830165504.000000,136.699371,2.630021,218.525040,1114481623040.000000,292.270996,1361110499328.000000 
28.201729,92.966171,10.595074,36433039360.000000,106.379822,5.390013,215.943268,1075398574080.000000,285.012115,1262249181184.000000 
48.400761,98.755028,10.380680,2364889344.000000,9.217073,2.499707,204.935974,919183032320.000000,270.174225,1075188596736.000000 
49.481373,18.261389,10.171123,16753463296.000000,138.396149,2.297472,217.551086,1099502125056.000000,287.681335,1297913610240.000000 
89.130394,69.009033,14.635096,17846222848.000000,118.758141,2.984891,200.731415,863764545536.000000,264.244720,1005765066752.000000 
7.224983,80.926262,11.589320,22594990080.000000,105.123238,3.264206,206.581329,941399932928.000000,269.436340,1066345496576.000000 
47.927166,10.224002,13.427817,20739770368.000000,90.260010,4.244225,200.221207,857135316992.000000,263.837799,1001220407296.000000 
36.757088,97.820152,10.128545,15183779840.000000,96.552422,3.697108,206.286530,937557426176.000000,269.004150,1061120770048.000000 
68.696632,59.386639,12.531292,16273476608.000000,123.428177,3.814481,196.959473,815948693504.000000,259.343109,950948724736.000000 
89.643227,56.560600,14.881269,20042715136.000000,165.219315,3.644237,202.039780,880807510016.000000,262.292786,983783571456.000000 
31.312664,65.723785,10.217219,16991188992.000000,81.633644,3.601251,178.763000,610031108096.000000,237.500031,730342621184.000000 
52.053764,21.059658,11.369078,27148304384.000000,57.860722,5.733537,185.257462,679001784320.000000,242.052383,773064032256.000000 
65.346153,70.614769,12.991442,8433042944.000000,47.000740,4.849104,186.453720,692233633792.000000,244.009750,791959502848.000000 
66.890083,67.973923,12.560037,5683386368.000000,72.949059,4.157760,169.154160,516906975232.000000,236.783691,723729186816.000000 
77.161491,79.997017,11.650802,9721053184.000000,55.729065,3.703486,178.462463,607027855360.000000,234.035080,698757677056.000000 
32.761280,67.364296,10.912930,11968029696.000000,84.889206,3.713503,177.809280,600341741568.000000,231.904419,679919419392.000000 
10.045259,56.116318,14.442953,9209914368.000000,58.432816,3.482035,169.335480,518549831680.000000,223.118484,605532520448.000000 
31.401972,66.689102,14.511847,9582801920.000000,128.949249,3.066018,168.154785,507767685120.000000,221.932419,595974553600.000000 
50.881649,1.369956,13.722960,11658831872.000000,91.003372,4.856214,169.736359,522198548480.000000,220.771378,586572038144.000000 
76.264473,60.410023,11.844481,7420391936.000000,57.050339,4.551030,154.824951,396352094208.000000,204.861069,468659503104.000000 
76.557373,71.120972,12.298817,3161590784.000000,63.164921,3.205318,145.760666,330736664576.000000,196.191483,411649212416.000000 
81.229080,36.226170,10.706313,7121928704.000000,74.503510,4.968724,158.856247,428130041856.000000,211.754028,517603885056.000000 
86.658401,87.426445,13.902802,3190082560.000000,80.378197,2.046974,139.684494,291044851712.000000,186.996689,356461641728.000000 
94.286957,39.905910,10.773454,5543105024.000000,88.839935,3.245625,157.886032,420337025024.000000,207.767273,488938536960.000000 
23.111158,66.039505,10.931337,7650526720.000000,34.305634,2.622785,151.592560,372005666816.000000,198.832855,428541870080.000000 
68.563904,7.819845,12.516782,6350137344.000000,69.581512,2.473978,153.878296,389121703936.000000,201.707031,447358861312.000000 
69.682587,10.680262,12.071898,6266273280.000000,69.664650,3.979823,140.730453,297637314560.000000,190.234161,375271260160.000000 
25.546028,90.858025,12.787503,8512023040.000000,53.835228,4.279445,146.381149,334924054528.000000,194.543396,401410097152.000000 
12.690113,7.772567,13.100400,6647598592.000000,36.724174,3.014332,148.681549,350988894208.000000,193.965622,397828521984.000000 
71.285835,90.498550,10.692810,5627250176.000000,60.713226,3.021295,149.052734,353634058240.000000,196.647018,414549737472.000000 
10.324806,6.888303,13.506146,7984189952.000000,56.434685,3.964947,147.221664,340785037312.000000,192.171875,386908258304.000000 
80.594894,34.736954,10.393149,3951023104.000000,99.644081,3.245180,143.347672,314539474944.000000,191.755753,384397213696.000000 
60.576958,33.020428,14.365845,5775218688.000000,71.123917,2.686167,146.731873,337356095488.000000,192.089279,386380529664.000000 
33.784668,11.270638,10.349154,4801178624.000000,82.267876,2.871027,139.093979,287370280960.000000,187.007263,356501192704.000000 
64.970192,69.893013,13.717116,7146014208.000000,69.497620,2.476916,147.060898,339640549376.000000,190.264389,375493656576.000000 
93.972900,57.866722,12.737453,1504844288.000000,81.774727,2.812295,118.293747,176780591104.000000,162.005936,231799750656.000000 
50.486992,13.584648,12.339082,4754811904.000000,25.716623,4.387300,139.438309,289513766912.000000,180.775009,322024505344.000000 
44.097870,80.574455,14.496758,2749184000.000000,55.122089,5.867741,129.243149,230552961024.000000,170.089325,268247302144.000000 
1.804272,52.586143,10.570296,2543543040.000000,35.804115,3.420942,137.628601,278382411776.000000,181.899139,328098709504.000000 
67.070427,10.481925,14.152713,2121411456.000000,36.111763,2.112476,133.814087,255905415168.000000,176.894150,301766279168.000000 
89.291351,58.122402,13.640738,6057768448.000000,29.955341,2.698773,135.675095,266722820096.000000,177.071594,302666219520.000000 
83.154388,41.103645,10.641127,2860139264.000000,39.395889,3.290304,132.702744,249572179968.000000,174.780319,291071459328.000000 
54.080799,85.610092,12.289504,4246571008.000000,83.561172,3.156475,132.641159,249195315200.000000,174.252762,288436912128.000000 
24.627279,66.632263,10.414234,39494868992.000000,2.669391,3.691001,672.236206,32441261621248.000000,926.452820,43346852577280.000000 
76.042358,84.437202,10.313441,2434602496.000000,69.014603,3.130683,132.046478,245862039552.000000,175.479156,294572097536.000000 
45.157368,72.860451,12.960690,1087803008.000000,86.032700,3.148294,128.161362,224801439744.000000,173.204102,283285716992.000000 
49.151814,71.824364,10.315841,3281076480.000000,81.843887,3.251893,136.834930,273585537024.000000,179.771957,316718120960.000000 
26.205307,38.967632,13.605783,2910866176.000000,71.535500,2.841256,132.753525,249869778944.000000,176.722443,300875644928.000000 
87.240356,11.482504,10.820391,2767500544.000000,77.744385,2.335018,132.373016,247701880832.000000,173.705505,285708189696.000000 
43.249485,8.172466,11.653974,3709160448.000000,79.274216,2.831517,130.241837,235940265984.000000,171.942993,277127004160.000000 
82.855972,0.573116,13.848263,1783753088.000000,39.765652,3.097562,123.889191,203072962560.000000,163.858734,239824109568.000000 
83.312035,40.680058,12.018004,3541068800.000000,64.405861,3.304848,128.659668,227437117440.000000,169.407379,265037381632.000000 
69.339874,91.100975,14.802328,2795128576.000000,48.025974,2.468754,127.860397,223238750208.000000,167.262970,255130386432.000000 
63.871227,28.990391,11.324347,1132945152.000000,77.430374,2.448663,126.030235,213772500992.000000,167.074402,254252466176.000000 
90.265511,65.153572,10.235566,3118622208.000000,0.932243,2.028673,131.869583,244912799744.000000,170.572632,270577549312.000000 
22.151819,59.924507,10.624166,1348675328.000000,69.967445,2.867969,126.472595,216020500480.000000,165.878235,248797265920.000000 
40.367962,72.756180,12.028050,5125804032.000000,35.697109,4.823386,119.775795,183497490432.000000,156.208908,207797911552.000000 
80.753624,37.307621,10.216352,1021578432.000000,26.998341,3.393470,120.137070,185170837504.000000,157.861130,214438297600.000000 
52.593288,92.234749,14.937970,1656739456.000000,45.153889,3.545418,119.345078,181516910592.000000,158.741547,218061750272.000000 
86.771286,69.599922,13.257545,2128518784.000000,0.000000,3.791002,502.493134,13550729822208.000000,675.704041,16818752192512.000000 
70.115730,11.470757,12.677812,1897727872.000000,0.000000,2.499475,389.293793,6300541911040.000000,527.053894,7981204242432.000000 
14.084373,7.939383,13.899376,1429276416.000000,0.000000,2.400095,348.094025,4504247861248.000000,472.014709,5732630528000.000000 
89.181793,57.489941,11.381533,2527027968.000000,0.000000,2.587653,467.331390,10899648675840.000000,632.729736,13808829464576.000000 
86.568329,69.330849,13.408484,11641981952.000000,7.233072,4.259787,502.493134,13550729822208.000000,675.704041,16818752192512.000000 
48.717228,10.111548,12.416926,3969731328.000000,6.961874,3.979883,218.024460,1106697388032.000000,305.763153,1558502178816.000000 
57.545517,33.161427,11.844048,1240746624.000000,12.525882,3.861508,228.893036,1280631111680.000000,303.848816,1529327517696.000000 
89.850388,60.103535,11.154169,11186173952.000000,7.560685,3.694885,210.818146,1000594735104.000000,286.264282,1278945787904.000000 
47.965408,10.192310,13.477723,2550434816.000000,4.413209,3.080927,200.221207,857135316992.000000,263.837799,1001220407296.000000 
59.018555,2.157819,14.552153,1797698944.000000,9.221680,4.028621,114.624184,160829571072.000000,189.878342,373216444416.000000 
50.645699,88.736801,12.768279,1249146880.000000,18.721823,6.710679,119.349106,181561016320.000000,156.438980,208730980352.000000 
58.317825,31.972620,11.957831,1293571584.000000,14.448073,2.639955,104.431992,121645268992.000000,136.131287,137532489728.000000 
15.471389,35.699493,10.983933,3442937856.000000,29.339720,3.107064,104.805809,122948427776.000000,137.125793,140558581760.000000 
80.047531,97.452156,14.285961,2218778112.000000,1.381922,2.637016,463.108612,10606722678784.000000,612.988953,12556585402368.000000 
24.035954,68.654366,10.345160,3398000384.000000,0.000000,2.477268,409.996185,7360510164992.000000,554.705505,9304240291840.000000 
90.361549,4.567014,12.259269,4810830848.000000,12.189040,4.066978,280.130951,2347537268736.000000,373.431580,2839079026688.000000 
59.001228,33.573021,11.501926,24608860160.000000,36.492439,2.911573,209.818207,986478673920.000000,277.492004,1164946702336.000000 
5.856491,80.559525,14.250072,17876035584.000000,167.641953,3.420660,212.627090,1026600468480.000000,292.418060,1363017596928.000000 
90.026260,4.235643,13.622039,24986570752.000000,127.798096,5.239768,223.762665,1196427575296.000000,295.824524,1411235840000.000000 
29.917091,10.648155,11.064810,12922754048.000000,16.156446,3.251024,218.525040,1114481623040.000000,292.270996,1361110499328.000000 
91.849602,5.410697,10.471552,16134369280.000000,103.863571,5.414992,213.904922,1045190672384.000000,289.264893,1319379140608.000000 
85.932327,49.434937,12.262382,35135070208.000000,107.502686,4.638741,213.071899,1033015132160.000000,280.423431,1202087788544.000000 
26.064270,91.465446,12.461787,34546106368.000000,105.904869,5.254929,218.376312,1112068063232.000000,284.071777,1249633239040.000000 
80.211830,93.220688,14.394065,19768481792.000000,112.233925,4.012803,200.081192,855354966016.000000,269.329865,1065114927104.000000 
55.565491,60.224060,13.955626,15997555712.000000,117.185249,3.831328,203.038757,893960519680.000000,269.319855,1064953184256.000000 
52.215492,18.479977,11.325742,20855375872.000000,42.267647,2.309484,175.017410,572527214592.000000,230.074814,663881711616.000000 
22.482626,69.932854,12.824538,21203890176.000000,136.860718,2.621773,203.835587,904455061504.000000,270.089233,1074125078528.000000 
51.202847,12.965213,13.671745,19780876288.000000,87.377930,4.334385,190.915634,743130333184.000000,251.234650,864490684416.000000 
91.199867,66.172523,11.958677,11501231104.000000,63.210972,2.878636,186.516861,692981268480.000000,245.018616,801953349632.000000 
49.367531,31.263538,12.197977,17168764928.000000,107.881386,3.105782,184.752457,673504952320.000000,242.942352,781649575936.000000 
72.022690,83.502739,11.065986,10111003648.000000,77.735329,4.374114,181.896866,642611019776.000000,238.674850,741166022656.000000 
67.038116,5.107239,14.655439,13413486592.000000,104.340118,3.273546,176.922714,591456763904.000000,237.763092,732777938944.000000 
70.813362,84.937019,13.012755,8840659968.000000,78.914040,6.495077,179.922287,622002569216.000000,238.005173,735010422784.000000 
29.047785,67.097099,14.585711,5896862720.000000,58.695782,4.614535,171.987396,543218335744.000000,232.468353,684930826240.000000 
71.591888,83.925842,13.170867,7822578176.000000,98.646362,2.373965,173.932098,561868505088.000000,229.137054,655893069824.000000 
4.061299,52.533367,10.812454,7256238592.000000,80.280350,4.909245,168.844650,514044755968.000000,223.423203,608041828352.000000 
8.748585,6.391703,13.997478,13901729792.000000,77.323677,4.619319,170.412827,528450519040.000000,223.464554,608284901376.000000 
47.712494,11.894391,11.306685,12203298816.000000,54.705700,3.591903,162.330292,456747253760.000000,213.364929,529504632832.000000 
66.132942,68.043556,10.512541,6374668288.000000,98.078850,3.217997,162.687286,459780915200.000000,215.516708,545709424640.000000 
21.890432,40.230213,14.647683,5827716608.000000,62.686043,3.357060,161.945358,453604900864.000000,212.897247,526069825536.000000 
51.538658,27.363146,11.397596,5686296576.000000,45.063049,4.562161,152.444351,378307280896.000000,202.653809,453733482496.000000 
28.820972,10.120541,14.140647,12269166592.000000,19.174728,2.933389,158.659973,426576150528.000000,206.106369,477335191552.000000 
91.274445,61.314129,12.401000,5476367360.000000,73.936966,2.856071,156.241898,407294312448.000000,206.259720,478333960192.000000 
90.421860,61.204052,11.072896,3080930816.000000,81.793922,2.818614,147.657684,343815979008.000000,196.976242,416609370112.000000 
51.294746,0.010177,10.807664,4117006336.000000,45.215897,3.568879,151.424240,370776834048.000000,200.039047,436357070848.000000 
30.508665,69.094696,13.462219,5116009472.000000,35.211884,3.171083,149.274979,355244179456.000000,196.336273,412577366016.000000 
20.647568,65.753517,14.386338,6905669632.000000,84.921494,2.869577,154.707153,395432951808.000000,203.689774,460695339008.000000 
82.001106,4.426045,10.724889,4772273152.000000,74.338379,2.870502,143.197845,313554501632.000000,188.948242,367765127168.000000 
29.351183,66.449364,14.983038,1485826176.000000,67.087402,2.000828,128.277466,225398439936.000000,173.678146,285626662912.000000 
35.140221,69.749870,12.525558,6449169920.000000,64.243973,3.320292,147.775330,344637210624.000000,193.942429,397704658944.000000 
65.215508,97.145386,10.951527,3356355072.000000,49.288704,3.492376,144.717834,323692429312.000000,189.925400,373504081920.000000 
50.078102,83.954346,10.900599,5684888576.000000,62.285564,4.935553,142.573303,309499428864.000000,189.161072,369029054464.000000 
82.524162,93.614876,10.293630,2710778624.000000,91.396248,2.363454,141.958618,305542823936.000000,188.471802,364969099264.000000 
53.264748,48.002823,13.398236,2276363776.000000,59.870304,2.800846,140.757660,297775923200.000000,186.339996,352703348736.000000 
70.685806,85.207809,13.384037,4827570688.000000,27.893375,4.035362,139.602066,290559459328.000000,182.318466,330367959040.000000 
46.368271,72.159973,10.356766,2577021184.000000,81.161407,2.955112,141.759827,304263299072.000000,185.626038,348669280256.000000 
55.154099,28.972311,14.004108,4296152576.000000,37.578243,4.700344,140.870956,298528538624.000000,184.384354,341716729856.000000 
86.840523,25.525204,10.046244,4615670272.000000,30.496935,2.807801,138.930038,286370398208.000000,180.126099,318593990656.000000 
87.397133,67.794975,12.237841,2314202112.000000,76.283813,2.404724,137.865311,279865884672.000000,184.848648,344354816000.000000 
40.623959,71.928696,10.832966,2130667392.000000,28.369270,2.164319,137.402695,277013594112.000000,178.450699,309798436864.000000 
51.046616,70.632133,12.655409,5220675072.000000,18.913504,3.523716,139.185074,287943426048.000000,179.788055,316836380672.000000 
49.535995,91.286186,11.898609,3166427392.000000,21.874077,2.838451,137.372986,276824326144.000000,179.030563,312804900864.000000 
24.292686,66.522194,10.640058,20418895872.000000,0.547536,3.481450,672.236206,32441261621248.000000,926.452820,43346852577280.000000 
29.718405,69.432312,13.972031,1950679808.000000,52.494026,4.084291,121.068237,189494722560.000000,162.955750,235888082944.000000 
75.236801,14.569229,13.969426,2658809600.000000,35.860271,3.525572,131.684601,243839188992.000000,173.096405,282725482496.000000 
71.737221,83.683388,11.733072,2198848768.000000,63.696728,4.897552,123.514870,201221750784.000000,164.889572,244407468032.000000 
95.944603,47.001915,12.505298,3533280256.000000,80.067787,2.451530,136.260223,270191247360.000000,177.340439,304061972480.000000 
53.824364,43.925556,10.271414,2984099072.000000,46.857578,3.597999,134.698822,260965875712.000000,175.528534,294811566080.000000 
44.222023,76.766342,11.188170,3293405952.000000,46.635704,3.307846,113.685829,156905177088.000000,152.737610,194258862080.000000 
77.482117,55.490921,10.058267,2681001728.000000,63.266293,3.640377,129.612396,232556560384.000000,171.003632,272590536704.000000 
62.011169,99.948265,10.810080,2558531584.000000,15.397294,2.777224,130.601013,237870039040.000000,170.010559,267871715328.000000 
90.070320,56.874405,14.685336,1472591872.000000,13.849654,4.150624,126.535416,216329043968.000000,167.652832,256880590848.000000 
35.028168,72.651588,14.779858,1668323840.000000,64.308830,2.534124,120.440125,186560790528.000000,159.755310,222262378496.000000 
30.523256,67.574310,11.646974,2155230720.000000,56.679546,2.915728,121.468155,191389712384.000000,161.174942,228263854080.000000 
68.839012,12.187745,12.984506,1548822784.000000,86.191322,2.375722,121.248901,190352097280.000000,160.191315,224093454336.000000 
65.471329,7.172730,13.500584,2387213824.000000,82.830482,3.124537,125.418259,210649972736.000000,163.949173,240241573888.000000 
31.888063,66.507240,10.700466,1140545152.000000,90.147240,1.973693,113.259071,155147337728.000000,150.686813,186517733376.000000 
48.998856,15.009698,11.799504,6930080768.000000,0.859622,2.173512,120.203072,185473892352.000000,155.312363,204223791104.000000 
87.179230,69.387611,13.216139,1537837184.000000,0.000000,1.824967,502.493134,13550729822208.000000,675.704041,16818752192512.000000 
90.508873,65.893074,12.589078,1826440576.000000,3.334813,2.369349,384.093323,6051031678976.000000,520.950012,7707196653568.000000 
47.698963,11.869857,11.295007,1316072320.000000,1.885861,2.469763,162.330292,456747253760.000000,213.364929,529504632832.000000 
89.661339,57.931927,11.457722,8687130624.000000,1.651590,2.943002,467.331390,10899648675840.000000,632.729736,13808829464576.000000 
89.406723,57.908340,11.711449,3739293696.000000,0.000000,2.117797,467.331390,10899648675840.000000,632.729736,13808829464576.000000 
87.092293,69.647484,13.349228,5380488704.000000,2.101269,4.349862,502.493134,13550729822208.000000,675.704041,16818752192512.000000 
65.570786,69.440918,13.421504,1584877312.000000,10.879236,3.696252,237.227737,1425729650688.000000,314.675415,1698716844032.000000 
41.409626,58.225079,12.402707,2537232128.000000,6.690785,4.419820,228.531372,1274706132992.000000,301.113678,1488378134528.000000 
91.812653,5.233484,10.563594,3773578752.000000,7.570031,2.203509,213.904922,1045190672384.000000,289.264893,1319379140608.000000 
36.775768,97.803841,10.017316,2464030208.000000,4.919014,2.268197,206.286530,937557426176.000000,269.004150,1061120770048.000000 
89.407234,63.993057,11.589843,1025510848.000000,28.390499,2.838286,132.258423,247089954816.000000,176.918793,301882343424.000000 
84.231155,47.021358,10.898384,1182894720.000000,18.560036,2.440446,107.930161,134275719168.000000,142.879807,159004016640.000000 
50.815914,0.655648,12.108558,1250679936.000000,24.952131,3.851727,104.059418,120341946368.000000,135.463272,135504052224.000000 
88.206764,69.127541,13.569771,1059624192.000000,15.328679,4.277497,108.220345,135353524224.000000,140.872559,152417042432.000000 
69.362877,10.800981,12.373340,2103820160.000000,18.334246,2.319988,104.979500,123551784960.000000,137.017761,140220465152.000000 
84.392433,47.104324,11.267053,1030507968.000000,15.333156,2.354411,103.073357,116929183744.000000,134.592484,132913741824.000000 
24.356394,66.437965,10.294645,4114006784.000000,0.000000,3.219188,672.236206,32441261621248.000000,926.452820,43346852577280.000000 
24.515711,65.794319,10.191947,2533712896.000000,0.000000,2.667661,672.236206,32441261621248.000000,926.452820,43346852577280.000000 
25.120302,66.217575,10.057661,1069989888.000000,0.000000,3.503263,672.236206,32441261621248.000000,926.452820,43346852577280.000000 
48.573586,88.440918,10.778062,1373184000.000000,24.935144,2.469966,105.685852,126078197760.000000,136.382904,138285236224.000000 
52.050285,20.147882,12.001671,3187560192.000000,1.766086,3.148474,99.544792,105332252672.000000,127.779320,113738924032.000000 
84.975761,69.352203,10.438837,1285664128.000000,2.854366,3.064805,77.862999,50412101632.000000,103.587120,60601978880.000000 
69.945297,11.360512,13.126175,12132696064.000000,17.237492,4.819342,389.293793,6300541911040.000000,527.053894,7981204242432.000000 
51.852280,11.365817,14.660312,40055214080.000000,48.985546,3.791160,326.650726,3722156179456.000000,492.399292,6508432064512.000000 
52.104141,11.394842,14.569729,6094317568.000000,6.153439,4.494623,326.650726,3722156179456.000000,492.399292,6508432064512.000000 
74.351570,14.903273,13.282950,10277989376.000000,16.712263,3.472798,356.180634,4825688309760.000000,480.140015,6034229297152.000000 
32.552147,66.799461,14.820886,9543343104.000000,4.520222,5.006383,334.475555,3996080406528.000000,442.601685,4726636150784.000000 
36.780846,69.629761,11.886789,14465654784.000000,56.471035,4.132042,234.927383,1384701886464.000000,322.154236,1822624841728.000000 
88.387550,5.347317,12.466604,14362089472.000000,12.453881,3.241683,262.068604,1922189885440.000000,342.415894,2188690063360.000000 
52.174538,19.465885,10.624332,1179989376.000000,0.000000,3.654140,588.893433,21811288866816.000000,784.698730,26342829588480.000000 
51.761074,19.544125,10.950128,1153268480.000000,0.000000,2.777486,588.893433,21811288866816.000000,784.698730,26342829588480.000000 
47.774525,80.375679,10.677983,1118393856.000000,0.000000,1.316276,452.797821,9913640157184.000000,650.640259,15014973931520.000000 
68.427132,4.085424,11.084599,3403732992.000000,0.511467,0.893040,272.434906,2159446458368.000000,363.868835,2626386395136.000000 
73.287704,61.329433,11.063806,1215708032.000000,2.481121,2.101966,258.789703,1850952908800.000000,345.218811,2242815721472.000000 
31.434372,10.753575,11.745333,17444820992.000000,8.707811,2.384755,627.070190,26331972632576.000000,819.206055,29971839975424.000000 
31.330206,10.668080,11.824526,4077042688.000000,1.370139,3.744297,627.070190,26331972632576.000000,819.206055,29971839975424.000000 
51.624489,21.069387,11.099807,1003217984.000000,0.000000,2.972827,588.893433,21811288866816.000000,784.698730,26342829588480.000000 
49.885269,87.095413,12.178175,3365388800.000000,0.000000,3.031430,599.594971,23020051628032.000000,796.855347,27582909120512.000000 
47.945618,80.104691,10.520938,5226451968.000000,0.000000,2.919926,452.797821,9913640157184.000000,650.640259,15014973931520.000000 
65.783302,67.535301,14.978522,5388412928.000000,0.867589,4.072433,557.950317,18548489453568.000000,755.100586,23470173847552.000000 
89.888397,58.593979,11.122125,21222846464.000000,2.174349,3.528455,467.331390,10899648675840.000000,632.729736,13808829464576.000000 
70.027435,11.780214,12.670903,3847042560.000000,1.190806,3.280684,389.293793,6300541911040.000000,527.053894,7981204242432.000000 
47.653053,89.236443,10.611133,18201487360.000000,7.300273,4.430634,376.082916,5680522592256.000000,508.529419,7168883425280.000000 
52.082169,11.461695,14.662331,5373709824.000000,1.833014,2.360688,326.650726,3722156179456.000000,492.399292,6508432064512.000000 
14.225720,7.929324,13.926111,8508443648.000000,0.000000,3.029615,348.094025,4504247861248.000000,472.014709,5732630528000.000000 
74.162170,14.787175,13.033011,5206071296.000000,8.044424,2.249804,356.180634,4825688309760.000000,480.140015,6034229297152.000000 
32.787895,66.521843,14.706969,7936435200.000000,9.123788,4.424791,334.475555,3996080406528.000000,442.601685,4726636150784.000000 
54.626904,26.102396,13.276692,6964528640.000000,5.182117,2.970935,296.879761,2794118971392.000000,394.311066,3342057603072.000000 
90.304359,4.760595,12.413485,2426821888.000000,4.209306,3.565371,280.130951,2347537268736.000000,373.431580,2839079026688.000000 
73.341293,61.371559,11.050280,2671920128.000000,5.962615,2.731701,258.789703,1850952908800.000000,345.218811,2242815721472.000000 
69.832191,39.557667,13.537386,1724565504.000000,71.225922,2.800814,122.013000,193958477824.000000,159.805206,222466719744.000000 
35.827358,64.085556,11.706972,1591519744.000000,68.508919,2.678844,119.640228,182857498624.000000,156.345337,208318562304.000000 
28.903641,72.781639,12.300878,1076928000.000000,78.826607,2.705850,119.867332,183931453440.000000,158.237778,215996907520.000000 
51.337387,20.909515,10.985588,23738687488.000000,77.140915,3.806992,588.893433,21811288866816.000000,784.698730,26342829588480.000000 
47.868420,79.246521,10.147008,17500866560.000000,14.847614,4.420389,452.797821,9913640157184.000000,650.640259,15014973931520.000000 
93.179863,41.811890,14.903145,2737678336.000000,16.645796,4.226775,115.989342,166652542976.000000,151.648880,190143954944.000000 
76.638000,60.363354,12.687704,1332572160.000000,14.311502,2.852136,119.746117,183356915712.000000,155.462357,204851855360.000000 
50.750729,87.355042,14.532255,1307571584.000000,45.232124,3.056428,117.653221,173933461504.000000,154.508301,201098100736.000000 
15.233016,7.535097,14.430013,2223620352.000000,19.187206,3.953659,114.152763,158865080320.000000,148.102341,177094459392.000000 
28.173323,66.959816,13.005904,1642466176.000000,36.621788,2.872298,114.355988,159701073920.000000,149.361267,181644460032.000000 
87.254028,3.283912,13.780083,1287253632.000000,54.256191,3.132142,108.014565,134566436864.000000,143.387634,160714326016.000000 
70.836723,56.241802,12.940798,1698488192.000000,51.807228,3.082179,110.862061,145526603776.000000,144.092834,163100819456.000000 
89.480644,59.203716,11.389161,20199129088.000000,87.085548,2.284579,467.331390,10899648675840.000000,632.729736,13808829464576.000000 
49.289261,15.351636,10.584477,30233948160.000000,3.706905,3.300608,452.084137,9867235426304.000000,635.008972,13959893614592.000000 
80.781242,97.340446,14.925309,1645069824.000000,7.698496,2.546731,463.108612,10606722678784.000000,612.988953,12556585402368.000000 
23.996933,68.333168,10.520523,99932078080.000000,264.685913,6.875046,409.996185,7360510164992.000000,554.705505,9304240291840.000000 
38.741978,70.650375,12.470362,46337093632.000000,99.167984,5.002354,357.350037,4872941338624.000000,474.954803,5841197465600.000000 
47.767441,89.183624,10.558577,108445253632.000000,241.257935,5.944232,376.082916,5680522592256.000000,508.529419,7168883425280.000000 
70.559135,92.810921,13.197504,83498541056.000000,233.373398,5.579432,351.083954,4621429374976.000000,478.878387,5986695774208.000000 
85.664261,69.319344,10.771977,83253592064.000000,196.517349,5.698585,326.085999,3702993977344.000000,430.613617,4352726532096.000000 
95.878571,46.960091,11.283680,68507238400.000000,227.946869,7.852650,299.580292,2871287873536.000000,402.741028,3561137111040.000000 
88.497162,5.366459,12.454413,25545113600.000000,142.448730,4.667605,262.068604,1922189885440.000000,342.415894,2188690063360.000000 
90.240921,4.702517,12.309311,35053604864.000000,149.625259,3.815976,280.130951,2347537268736.000000,373.431580,2839079026688.000000 
75.834373,42.127213,13.994272,57514762240.000000,183.565079,5.053583,260.616608,1890291941376.000000,354.410248,2426862305280.000000 
50.540253,57.933289,10.316801,47410135040.000000,187.654388,2.250388,283.290283,2427712176128.000000,372.356415,2814552834048.000000 
89.915154,58.568130,11.080508,99166511104.000000,132.370499,8.320251,467.331390,10899648675840.000000,632.729736,13808829464576.000000 
87.981781,19.855274,13.525738,18448723968.000000,159.733200,3.290187,252.389816,1716962590720.000000,338.855682,2121243033600.000000 
52.336384,22.180126,12.994226,43445342208.000000,144.496307,2.921754,264.778351,1982305140736.000000,344.640961,2231641833472.000000 
31.322605,10.502825,11.896138,252870295552.000000,280.647339,15.638782,627.070190,26331972632576.000000,819.206055,29971839975424.000000 
65.961693,67.991486,14.909767,107387011072.000000,304.408905,12.590856,557.950317,18548489453568.000000,755.100586,23470173847552.000000 
80.360970,97.635017,14.175802,4673079296.000000,2.017281,3.455716,463.108612,10606722678784.000000,612.988953,12556585402368.000000 
27.159889,67.547455,12.326994,3582354176.000000,0.449002,2.284600,403.444244,7012676534272.000000,550.971497,9118693720064.000000 
48.788593,10.124841,12.635451,11566979072.000000,116.478073,4.709963,218.024460,1106697388032.000000,305.763153,1558502178816.000000 
58.838379,33.860603,11.630264,8614844416.000000,21.671717,2.615970,209.818207,986478673920.000000,277.492004,1164946702336.000000 
57.631031,33.225513,11.778562,35611242496.000000,133.627670,2.544847,228.893036,1280631111680.000000,303.848816,1529327517696.000000 
24.840265,69.424042,13.906077,21203499008.000000,123.911209,3.638413,234.059418,1369460310016.000000,307.977600,1592493473792.000000 
26.633614,11.451932,14.717142,22250332160.000000,101.037811,3.457756,215.784164,1073055137792.000000,287.687775,1298038784000.000000 
47.177868,13.499706,10.170820,27815018496.000000,130.528946,4.322325,225.613770,1226338598912.000000,295.919220,1412773707776.000000 
51.752758,11.353711,11.770790,17232218112.000000,110.190231,2.816837,174.387894,566371090432.000000,232.320114,683500240896.000000 
15.661119,36.109264,10.571030,26556368896.000000,120.796623,5.017317,200.971146,866945335296.000000,266.411835,1030795362304.000000 
56.965508,30.572348,11.760768,21083396096.000000,102.109695,5.072539,201.909073,879005270016.000000,267.617340,1044793720832.000000 
66.342766,37.905235,14.737097,25039955968.000000,180.560425,3.044237,205.836639,931345530880.000000,269.835052,1070944550912.000000 
51.863991,18.413820,11.490279,4382686208.000000,55.316612,2.006624,175.017410,572527214592.000000,230.074814,663881711616.000000 
49.350582,99.837585,11.087668,7140921856.000000,92.793594,3.940276,158.498108,425208217600.000000,211.440948,515384410112.000000 
35.204575,66.309067,10.129546,27708520448.000000,1.778642,3.590417,184.115372,666505183232.000000,242.472931,777190637568.000000 
30.978300,66.949982,13.672965,13002705920.000000,109.667435,3.499529,184.910294,675120021504.000000,245.102386,802673131520.000000 
23.787123,89.749809,14.955437,9981860864.000000,82.360870,4.975010,179.622513,618877091840.000000,240.584579,759081009152.000000 
52.330704,7.874735,11.879669,17106462720.000000,88.824326,3.348762,184.517471,670881742848.000000,242.493164,777316532224.000000 
84.089676,30.511868,10.613930,11442185216.000000,99.741646,2.673095,183.284698,657481465856.000000,244.216125,794052329472.000000 
20.069876,63.830101,13.878889,12367051776.000000,51.261749,6.150360,176.574966,587975294976.000000,234.891724,706554429440.000000 
79.272835,37.875935,11.938686,12581751808.000000,75.244911,3.331322,181.101654,634331201536.000000,237.983749,734735237120.000000 
90.083755,60.195892,10.467058,9585100800.000000,94.770348,2.560876,171.976898,543230885888.000000,228.072845,646776356864.000000 
62.036568,56.534752,11.080733,6419388416.000000,107.763069,2.530685,164.658539,476731932672.000000,215.852676,548284006400.000000 
52.451973,94.123482,14.565165,8744637440.000000,70.280823,3.024125,166.744263,495051833344.000000,218.286163,566974545920.000000 
25.796314,68.600975,12.512782,10525237248.000000,75.992661,3.068168,171.699203,540502130688.000000,224.324936,615367311360.000000 
55.987782,28.666700,14.250472,8849573888.000000,50.310883,4.491521,147.145889,340246659072.000000,194.731934,402552324096.000000 
76.175476,37.838703,14.952049,6939998720.000000,75.271568,4.213303,159.366669,432297082880.000000,210.611694,509278060544.000000 
65.775841,5.996234,13.339995,4460470272.000000,60.443157,3.141154,160.662964,442935115776.000000,210.109390,505709428736.000000 
94.754997,58.380283,14.759471,4801823744.000000,50.055859,5.396792,145.301224,327609810944.000000,195.261169,405850324992.000000 
70.740036,69.120895,14.375511,5252155904.000000,42.550484,2.910254,154.572418,394442735616.000000,202.709045,454063489024.000000 
60.585941,57.687447,12.832806,4882028032.000000,84.885506,4.957481,148.739014,351391744000.000000,199.596085,433501962240.000000 
53.978771,22.851379,12.272223,7330170880.000000,19.142570,4.628778,157.813583,419753754624.000000,203.988525,462755790848.000000 
30.479397,66.795105,12.100355,6854280192.000000,64.852234,3.376057,153.632034,387285647360.000000,200.526535,439600840704.000000 
50.684380,5.558101,10.117530,5036730368.000000,72.624474,3.280642,151.335892,370096439296.000000,197.727280,421397987328.000000 
11.791467,52.924942,10.342680,3082126080.000000,45.952759,2.963319,143.057617,312614846464.000000,190.469315,376681037824.000000 
50.997261,0.351411,14.841270,6011512832.000000,48.015339,4.310186,148.847260,352172900352.000000,194.478745,400983588864.000000 
66.455246,67.614746,12.456064,8027325952.000000,62.371681,5.338699,142.545883,309308456960.000000,189.350952,370098307072.000000 
60.161289,2.636896,10.702363,1820836480.000000,55.944695,3.319954,148.570999,350245617664.000000,194.698547,402326355968.000000 
22.729263,57.590069,10.256379,5042120192.000000,80.988892,3.498425,147.385620,341917827072.000000,193.415024,394425729024.000000 
83.066063,92.734589,11.872769,4234443264.000000,77.688553,2.244921,146.015533,332455280640.000000,191.172699,380859219968.000000 
48.436134,32.117386,11.908928,3742172160.000000,40.064758,3.620709,133.266678,252761980928.000000,176.779114,301200080896.000000 
53.043304,15.606462,12.932250,6913590784.000000,68.358864,3.375078,133.821503,255953108992.000000,175.357590,293959041024.000000 
97.724136,34.315575,14.636572,2805380352.000000,46.717041,3.470407,135.844406,267701321728.000000,184.642181,343170318336.000000 
90.731522,62.709095,11.318813,1086518656.000000,57.795578,2.484039,121.155983,189905911808.000000,164.520523,242751029248.000000 
34.562279,98.208328,14.977882,5610254336.000000,38.274746,3.254619,139.900330,292433362944.000000,181.914581,328184463360.000000 
32.908474,66.494392,10.670516,5267838464.000000,0.768303,3.476940,127.331154,220453830656.000000,171.787994,276389167104.000000 
83.702919,90.498405,12.687035,1182705920.000000,52.633717,2.066275,136.629135,272401268736.000000,178.858383,311934550016.000000 
15.593646,68.594620,13.802523,2590661888.000000,69.264290,3.516543,136.412094,271077343232.000000,181.565720,326326747136.000000 
24.684553,65.522324,10.036817,44126593024.000000,2.334823,5.817476,672.236206,32441261621248.000000,926.452820,43346852577280.000000 
24.664011,65.392387,10.163819,13320359936.000000,1.520050,2.498525,672.236206,32441261621248.000000,926.452820,43346852577280.000000 
89.422638,65.702103,11.263587,2999703040.000000,65.718788,3.402553,123.862488,202928357376.000000,164.320312,241889460224.000000 
51.207878,49.820683,10.432938,1350896512.000000,80.183685,2.518807,133.129700,251967275008.000000,176.331894,298863427584.000000 
66.419098,10.084175,12.222437,3091336960.000000,79.232872,2.325191,136.857056,273735663616.000000,178.767303,311452041216.000000 
56.734566,29.597820,14.811413,2056469888.000000,76.572372,2.439411,121.270638,190450958336.000000,161.992569,231722532864.000000 
52.010662,52.688454,13.577208,1530714880.000000,22.102058,4.030039,132.122147,246322118656.000000,174.333008,288836124672.000000 
51.668556,87.466881,14.251909,2878718720.000000,39.214340,3.280632,120.550217,187068989440.000000,157.586899,213333000192.000000 
80.692047,44.537399,14.406638,2218398208.000000,21.213079,3.443543,129.494370,231890550784.000000,168.996353,263130546176.000000 
68.360794,43.080177,12.492157,2157138688.000000,22.178314,3.597930,131.889374,245003993088.000000,171.226852,273645453312.000000 
30.421535,66.582771,14.326310,1705795712.000000,33.858379,3.118102,121.936005,193604206592.000000,158.534485,217208389632.000000 
31.015427,13.193876,11.103542,1709711232.000000,36.607960,4.547666,119.755112,183432937472.000000,157.710083,213851471872.000000 
64.154297,6.570412,12.648412,1082680576.000000,95.225075,2.707186,117.123947,171592105984.000000,159.815567,222538661888.000000 
92.100334,6.206562,10.000299,2065713280.000000,60.237411,3.941433,125.796318,212600635392.000000,165.480469,247024304128.000000 
23.406118,66.030907,11.512691,3990220032.000000,34.313210,2.723835,121.691261,192427163648.000000,158.555893,217322962944.000000 
19.459290,68.213242,11.480300,1045605184.000000,25.801846,2.427047,117.959740,175277195264.000000,155.166138,203655331840.000000 
49.636539,84.836899,11.288987,2717657344.000000,63.721485,2.182308,123.058441,199006846976.000000,160.632034,225952038912.000000 
24.141289,68.472328,10.258923,1169687808.000000,0.000000,3.601647,409.996185,7360510164992.000000,554.705505,9304240291840.000000 
51.833702,11.475776,14.623722,1680913920.000000,0.000000,2.830949,326.650726,3722156179456.000000,492.399292,6508432064512.000000 
90.071793,57.995663,11.022008,2836961792.000000,0.688848,2.803955,467.331390,10899648675840.000000,632.729736,13808829464576.000000 
89.590652,58.001957,11.713792,1442369792.000000,0.000000,3.103022,467.331390,10899648675840.000000,632.729736,13808829464576.000000 
87.122284,69.984802,13.732594,1296641536.000000,0.736608,2.456463,502.493134,13550729822208.000000,675.704041,16818752192512.000000 
80.048210,72.901680,14.140203,2092763776.000000,3.180131,2.200255,220.847885,1150245404672.000000,304.934235,1545721872384.000000 
90.065399,4.271866,13.619502,3248536832.000000,2.868957,2.704117,223.762665,1196427575296.000000,295.824524,1411235840000.000000 
48.052273,98.822937,10.502934,1306212736.000000,3.971968,2.512350,204.935974,919183032320.000000,270.174225,1075188596736.000000 
80.156883,72.350708,12.155935,1895750144.000000,8.708767,2.824270,176.888657,591068594176.000000,239.154877,745728180224.000000 
89.399551,63.887798,11.599008,1361171712.000000,11.527937,3.035169,132.258423,247089954816.000000,176.918793,301882343424.000000 
51.586388,19.880714,11.869290,1620237952.000000,9.028332,4.263810,108.755287,137357385728.000000,144.748505,165324079104.000000 
86.520584,69.515251,11.668579,1059454528.000000,13.738716,3.621131,107.155243,131379716096.000000,141.307892,153812975616.000000 
61.715008,33.436127,14.921332,1047145408.000000,11.676832,2.757338,105.570007,125654982656.000000,139.103943,146729992192.000000 
52.605202,16.124123,12.211392,2932104960.000000,17.461475,3.572560,105.764847,126353629184.000000,136.741058,139395874816.000000 
68.560867,65.912285,10.173728,1344168960.000000,38.227749,2.932820,95.739410,93717962752.000000,127.504913,112994869248.000000 
87.984550,72.736946,12.061465,1086641920.000000,54.938999,2.336868,108.333603,135761928192.000000,140.655869,151700684800.000000 
59.806801,33.740753,14.962916,2361037568.000000,41.084988,2.464669,105.238609,124463013888.000000,135.256927,134894379008.000000 
24.632673,66.375359,10.279662,3157139456.000000,10.739581,3.346441,672.236206,32441261621248.000000,926.452820,43346852577280.000000 
24.697355,65.782631,10.541804,1494528896.000000,0.959512,3.248327,672.236206,32441261621248.000000,926.452820,43346852577280.000000 
24.806332,66.005981,10.183252,2168543744.000000,0.898489,1.891543,672.236206,32441261621248.000000,926.452820,43346852577280.000000 
88.164627,9.705107,10.816270,1353710848.000000,62.933369,2.858095,103.245651,117519958016.000000,134.620438,133004255232.000000 
14.737698,35.051613,13.751778,1527083776.000000,14.370853,2.825830,98.128616,100910432256.000000,128.238235,114978168832.000000 
32.023067,65.555168,10.414554,1400104192.000000,0.000000,2.988292,77.776016,50240704512.000000,99.816933,54220742656.000000 
69.795441,11.743837,12.907727,7131951104.000000,9.011389,4.775286,389.293793,6300541911040.000000,527.053894,7981204242432.000000 
52.165707,11.465768,14.678924,22872219648.000000,28.870131,6.197289,326.650726,3722156179456.000000,492.399292,6508432064512.000000 
34.854992,96.941742,11.336844,35333599232.000000,33.114223,4.735237,362.997742,5108225540096.000000,485.130157,6224130080768.000000 
86.176094,69.507462,10.696898,12858148864.000000,6.753749,3.137830,326.085999,3702993977344.000000,430.613617,4352726532096.000000 
51.538139,28.209049,12.229612,16868833280.000000,109.075249,4.010190,240.277557,1481489252352.000000,326.223389,1892782440448.000000 
37.530735,69.785004,12.186943,15080459264.000000,9.334591,2.512582,234.927383,1384701886464.000000,322.154236,1822624841728.000000 
31.438349,10.503140,11.912970,3297274368.000000,0.000000,2.487115,627.070190,26331972632576.000000,819.206055,29971839975424.000000 
52.128166,19.687805,10.870646,1071533184.000000,0.000000,3.452810,588.893433,21811288866816.000000,784.698730,26342829588480.000000 
51.893589,19.520937,10.854009,1721993216.000000,0.000000,1.654026,588.893433,21811288866816.000000,784.698730,26342829588480.000000 
65.933456,68.051964,14.922240,1893225344.000000,0.000000,3.122062,557.950317,18548489453568.000000,755.100586,23470173847552.000000 
75.777870,42.049896,14.077168,1170805632.000000,2.596254,4.019607,260.616608,1890291941376.000000,354.410248,2426862305280.000000 
65.497757,69.600960,13.491076,1043793984.000000,0.634282,2.438482,237.227737,1425729650688.000000,314.675415,1698716844032.000000 
31.230371,10.352215,12.097360,5351117312.000000,0.000000,2.173692,627.070190,26331972632576.000000,819.206055,29971839975424.000000 
31.333431,10.879427,11.668216,1281615232.000000,0.000000,2.765529,627.070190,26331972632576.000000,819.206055,29971839975424.000000 
51.729477,19.653318,10.842094,3731606016.000000,1.093743,2.450410,588.893433,21811288866816.000000,784.698730,26342829588480.000000 
50.590202,87.315872,12.525023,1248195328.000000,0.000000,3.521275,599.594971,23020051628032.000000,796.855347,27582909120512.000000 
47.863338,80.252647,10.626493,4776327680.000000,0.000000,2.776454,452.797821,9913640157184.000000,650.640259,15014973931520.000000 
65.625641,68.296516,14.773572,1235708160.000000,1.995306,3.492659,557.950317,18548489453568.000000,755.100586,23470173847552.000000 
19.640829,63.048553,14.622688,10583196672.000000,6.671252,5.267229,424.201691,8151390224384.000000,564.212463,9791910969344.000000 
90.565742,66.086708,12.740038,1283210240.000000,2.180685,2.412820,384.093323,6051031678976.000000,520.950012,7707196653568.000000 
47.302898,89.212524,10.299126,1795373440.000000,7.589964,3.116099,376.082916,5680522592256.000000,508.529419,7168883425280.000000 
14.731516,35.277351,11.733727,1003079168.000000,24.719837,2.807480,340.168427,4203375493120.000000,456.702637,5192879702016.000000 
70.397079,92.984192,13.079300,7092354048.000000,2.859741,1.986777,351.083954,4621429374976.000000,478.878387,5986695774208.000000 
74.011299,14.864327,13.237276,1170774016.000000,6.290853,2.300771,356.180634,4825688309760.000000,480.140015,6034229297152.000000 
32.651524,66.820396,14.682058,2252659968.000000,1.755118,2.556701,334.475555,3996080406528.000000,442.601685,4726636150784.000000 
88.520599,5.251694,12.578509,2995697152.000000,6.547929,3.125238,262.068604,1922189885440.000000,342.415894,2188690063360.000000 
75.507286,41.859032,13.769756,1037343872.000000,8.469874,2.211041,260.616608,1890291941376.000000,354.410248,2426862305280.000000 
80.715553,4.034336,11.374143,3297918464.000000,4.164575,3.468710,259.984802,1876508672000.000000,340.579193,2153565257728.000000 
40.316765,58.673103,11.644485,2630226432.000000,64.461426,2.894518,115.758881,165658722304.000000,153.257828,196252696576.000000 
12.832246,46.852230,13.842126,1090490368.000000,75.620422,2.592964,121.220070,190203625472.000000,158.093872,215429152768.000000 
31.407049,10.784217,11.730898,72532647936.000000,6.742220,6.689159,627.070190,26331972632576.000000,819.206055,29971839975424.000000 
47.968605,79.465088,10.062932,35331985408.000000,42.111317,1.947063,452.797821,9913640157184.000000,650.640259,15014973931520.000000 
65.771767,68.554192,14.760210,51327565824.000000,3.998627,4.501204,557.950317,18548489453568.000000,755.100586,23470173847552.000000 
52.177887,10.633529,11.314486,1600133376.000000,18.766241,1.950566,116.053093,166921994240.000000,152.687439,194053324800.000000 
55.635391,27.938255,13.707103,2624090368.000000,10.985698,4.234114,117.413918,172863406080.000000,151.836929,190828527616.000000 
75.917519,41.986652,13.222545,3039220992.000000,4.243520,3.005786,117.252266,172136775680.000000,151.865097,190943903744.000000 
65.424500,36.862831,14.122997,1554033792.000000,49.689583,3.336691,113.121887,154593673216.000000,148.161789,177312186368.000000 
95.481880,35.300598,13.887925,1425296128.000000,54.599209,2.439934,113.744064,157142745088.000000,149.386673,181747531776.000000 
77.377457,17.651232,11.949563,1957052032.000000,29.794407,3.093961,110.277588,143217688576.000000,141.920532,155841036288.000000 
86.430061,13.439919,10.743216,1160473984.000000,41.078472,2.845528,110.094261,142517600256.000000,143.943634,162595766272.000000 
89.326370,57.778957,11.755168,25117442048.000000,1.271906,3.435367,467.331390,10899648675840.000000,632.729736,13808829464576.000000 
49.845558,14.740652,11.489276,7196110848.000000,2.227331,3.120744,452.084137,9867235426304.000000,635.008972,13959893614592.000000 
10.315229,55.383312,12.595304,34543468544.000000,147.726364,4.114856,241.827820,1510346719232.000000,317.289062,1741422460928.000000 
27.295633,67.618240,12.383525,117001543680.000000,242.662109,4.967812,403.444244,7012676534272.000000,550.971497,9118693720064.000000 
70.245163,11.546729,12.702065,117234630656.000000,255.893982,6.854711,389.293793,6300541911040.000000,527.053894,7981204242432.000000 
14.707960,34.919292,12.714903,100909432832.000000,214.391418,7.135551,340.168427,4203375493120.000000,456.702637,5192879702016.000000 
52.924858,86.363419,13.467908,68651057152.000000,216.734085,7.122264,352.017731,4658796953600.000000,472.606018,5754351779840.000000 
91.172813,44.011707,14.789850,39326105600.000000,184.138916,3.355817,321.762878,3557380325376.000000,442.716339,4730409451520.000000 
54.618607,26.006748,13.278656,56183857152.000000,166.361710,6.761324,296.879761,2794118971392.000000,394.311066,3342057603072.000000 
80.252586,91.410561,13.686142,72047370240.000000,177.931702,7.280635,294.179291,2718678646784.000000,392.366486,3293269983232.000000 
50.072983,86.917099,12.275149,104134795264.000000,2.718577,6.105620,599.594971,23020051628032.000000,796.855347,27582909120512.000000 
38.234230,61.292419,11.830991,61358346240.000000,159.743622,2.507873,284.794403,2467047669760.000000,374.978607,2874223099904.000000 
73.283691,61.278488,11.075535,45883383808.000000,164.644943,7.579782,258.789703,1850952908800.000000,345.218811,2242815721472.000000 
52.414490,15.617928,13.944273,51230150656.000000,158.262390,4.766112,273.838165,2193062494208.000000,359.567719,2534479233024.000000 
80.653244,3.995383,11.334987,16115506176.000000,134.310089,3.967287,259.984802,1876508672000.000000,340.579193,2153565257728.000000 
50.333778,70.733971,12.226986,30229485568.000000,174.840530,4.687379,235.276306,1390791753728.000000,314.164948,1690540048384.000000 
51.874844,19.560715,10.905787,308543979520.000000,326.288574,13.643143,588.893433,21811288866816.000000,784.698730,26342829588480.000000 
87.012665,69.341888,13.167986,184771444736.000000,287.237457,16.412292,502.493134,13550729822208.000000,675.704041,16818752192512.000000 
80.250130,97.590797,14.150373,23178688512.000000,5.287181,3.268242,463.108612,10606722678784.000000,612.988953,12556585402368.000000 
80.213234,97.944473,14.144662,3400668160.000000,1.406732,2.846564,463.108612,10606722678784.000000,612.988953,12556585402368.000000 
77.623260,42.649696,12.237722,1313587072.000000,0.723381,2.792743,82.659912,60317491200.000000,107.056870,66888388608.000000 
48.732353,10.019691,12.567636,8427316736.000000,9.950787,2.716390,218.024460,1106697388032.000000,305.763153,1558502178816.000000 
79.886269,72.839035,13.951474,22680500224.000000,157.252258,6.168827,220.847885,1150245404672.000000,304.934235,1545721872384.000000 
60.757015,4.426423,11.204337,21510008832.000000,134.390549,4.697656,215.950562,1075455393792.000000,289.960114,1329021321216.000000 
89.837051,60.222401,11.161027,12266539008.000000,126.281143,3.987056,210.818146,1000594735104.000000,286.264282,1278945787904.000000 
26.639027,11.279671,14.709884,5670692864.000000,19.116747,3.257553,215.784164,1073055137792.000000,287.687775,1298038784000.000000 
47.984406,98.963516,10.487847,17461659648.000000,82.191498,2.356223,204.935974,919183032320.000000,270.174225,1075188596736.000000 
51.923721,11.125395,11.943279,8303224320.000000,26.539047,3.756148,174.387894,566371090432.000000,232.320114,683500240896.000000 
37.271545,61.496342,10.774341,25219147776.000000,98.093613,7.153958,215.294327,1065683189760.000000,279.453247,1189740806144.000000 
68.974998,65.417480,11.076531,18369636352.000000,89.009224,5.008171,195.316742,795733917696.000000,256.456207,919450091520.000000 
67.974884,11.431026,13.596506,17386739712.000000,115.495903,4.203208,196.416855,809310617600.000000,261.962311,980027768832.000000 
43.256634,57.000832,14.580730,26298814464.000000,102.544266,3.296060,202.278290,883919159296.000000,265.624268,1021722427392.000000 
49.554100,0.077702,11.395649,4295812608.000000,24.650270,4.072797,158.498108,425208217600.000000,211.440948,515384410112.000000 
72.048515,92.924767,10.663904,13158394880.000000,109.137138,3.904838,181.298904,636379070464.000000,249.511429,846842888192.000000 
80.205246,72.325714,12.212005,4279925504.000000,109.148277,3.691172,176.888657,591068594176.000000,239.154877,745728180224.000000 
30.076872,67.873192,12.873366,11641535488.000000,97.814194,3.157530,186.608032,693947400192.000000,248.506226,836669603840.000000 
24.481924,70.256416,14.947225,21668085760.000000,114.372147,3.256366,182.501678,649076080640.000000,241.865097,771271032832.000000 
51.903690,10.629839,14.173305,10876623872.000000,33.703053,6.048517,175.053436,572815769600.000000,236.375931,719990358016.000000 
59.627747,58.200348,13.108652,8165592064.000000,105.132851,3.941832,171.301483,536786960384.000000,228.490662,650355277824.000000 
55.367794,79.026497,10.323442,11613262848.000000,90.298195,3.152817,171.568298,539344437248.000000,227.599442,642780823552.000000 
67.761826,66.543243,12.315868,8271366144.000000,134.583878,3.317346,178.307938,605383426048.000000,237.188660,727429349376.000000 
76.498444,82.093147,10.975057,8276339200.000000,50.209335,4.312718,169.071716,516116709376.000000,221.754395,594470764544.000000 
21.323336,62.415878,11.403407,6765153792.000000,99.438072,3.339915,160.646744,442733789184.000000,217.372574,559953084416.000000 
70.849007,62.732670,10.735827,11283401728.000000,87.594910,3.532865,160.824966,444252815360.000000,213.336380,529329913856.000000 
15.965178,35.261490,11.401542,8298455552.000000,87.365669,4.344191,160.027664,437623619584.000000,213.873840,533328887808.000000 
35.741005,69.046829,10.915675,14727932928.000000,74.258263,4.743539,165.503418,484077273088.000000,214.302048,536505057280.000000 
75.472801,60.434582,11.768044,4356711936.000000,45.952839,2.844313,152.494003,378708099072.000000,200.380951,438600237056.000000 
55.956257,82.087906,12.357886,3260992768.000000,70.628967,3.143374,142.142807,306687344640.000000,194.236801,399488286720.000000 
66.070496,67.465401,13.991858,5295742976.000000,25.604532,4.815754,155.017288,397799194624.000000,202.844025,455026081792.000000 
94.928131,35.336384,12.388254,3218566400.000000,58.562794,2.993335,151.494553,371259277312.000000,199.993210,436044922880.000000 
44.693394,53.950474,13.772721,3246345216.000000,61.438431,2.439749,146.116013,333106872320.000000,195.655731,408300847104.000000 
67.573990,1.619269,11.856897,2858183168.000000,82.362350,3.008283,136.610489,272267837440.000000,197.360123,419080077312.000000 
84.561798,47.059376,13.540614,8107525120.000000,70.789474,2.932660,140.628937,297028714496.000000,184.722443,343592730624.000000 
37.030376,61.990334,12.345892,5603293696.000000,39.526741,3.848970,144.961914,325297438720.000000,190.574905,377296879616.000000 
71.685387,68.597771,13.392103,3482248704.000000,31.801075,5.805752,143.974426,318669979648.000000,189.525421,371084951552.000000 
65.082474,9.013145,10.469671,5875987456.000000,66.770042,3.258932,150.362289,363056300032.000000,195.746902,408876089344.000000 
14.335484,16.335045,11.400245,1744911232.000000,102.066780,2.218471,143.278809,314142982144.000000,189.357925,370128093184.000000 
33.750423,65.795822,10.808920,2712723200.000000,10.813523,4.387265,139.187805,287953846272.000000,185.590530,348485287936.000000 
70.258278,58.180984,11.198864,1564404352.000000,69.821396,2.339389,132.438339,248062345216.000000,177.678909,305769152512.000000 
70.938019,12.841547,13.018006,4162617344.000000,20.871704,2.765643,144.859467,324601806848.000000,188.232666,363547983872.000000 
79.350891,9.090148,13.432029,2468199680.000000,45.274376,3.413885,137.065079,275028738048.000000,181.792664,327515373568.000000 
85.649223,17.123615,10.523346,1642934528.000000,57.804531,2.609194,140.518982,296304574464.000000,184.973206,345010569216.000000 
65.710754,96.946877,12.676276,4928186368.000000,88.135155,3.787153,140.921432,298889871360.000000,186.170486,351775096832.000000 
79.486122,97.159225,13.565948,7221113344.000000,25.819757,3.186455,121.708130,192522829824.000000,163.849884,239791538176.000000 
76.517006,82.927803,10.579026,2225931264.000000,91.099854,2.584956,104.855835,123116929024.000000,139.893158,149260845056.000000 
87.408539,66.819870,11.563210,5071975936.000000,24.253428,7.097842,137.578766,278077833216.000000,179.637909,316016066560.000000 
36.146839,63.308102,12.174359,3656980480.000000,50.632240,4.115075,136.140411,269463584768.000000,179.130081,313364414464.000000 
24.799435,66.033424,10.192778,33468026880.000000,1.671334,3.789570,672.236206,32441261621248.000000,926.452820,43346852577280.000000 
25.028557,67.100273,11.047475,1571873920.000000,44.644638,3.355432,672.236206,32441261621248.000000,926.452820,43346852577280.000000 
59.831154,33.606327,11.644423,3561332480.000000,48.375816,3.491873,129.290207,230784450560.000000,171.995026,277356773376.000000 
12.138469,15.255793,10.244203,1983423744.000000,80.481232,2.505262,130.458435,237118341120.000000,172.306824,278886318080.000000 
69.478218,93.911270,13.561498,3420090112.000000,33.135891,3.344872,131.445862,242534334464.000000,172.140778,278084747264.000000 
45.414471,76.804008,10.980718,4442900480.000000,38.844536,2.495293,131.732147,244099317760.000000,171.558884,275262439424.000000 
86.028893,22.529530,10.866145,1945548544.000000,90.409592,3.026431,133.834076,255960825856.000000,175.685623,295593213952.000000 
75.851051,16.348003,12.862314,5235641344.000000,20.303883,3.677445,127.423721,220949757952.000000,167.048019,254149099520.000000 
59.567974,32.862846,12.694914,1851487616.000000,28.978395,3.290757,128.056915,224262586368.000000,166.725815,252657958912.000000 
47.732540,12.197513,12.086356,2774693120.000000,47.090469,4.120684,107.462952,132523450368.000000,145.492432,167895810048.000000 
80.996162,71.854240,11.337189,1373901312.000000,73.517181,2.478409,127.802971,222921834496.000000,168.751999,261989629952.000000 
38.827461,34.610470,14.009114,2389981696.000000,52.488899,3.800969,124.379944,205484736512.000000,163.708191,239158460416.000000 
47.993156,93.438118,10.271237,2148739584.000000,20.172203,3.334307,122.330742,195488923648.000000,161.593628,230032539648.000000 
12.964465,7.993609,13.438274,3081572608.000000,29.535849,4.165160,122.817703,197828247552.000000,160.157150,223945441280.000000 
65.733940,57.940487,12.957207,2786608640.000000,71.462799,2.728751,126.170334,214480420864.000000,164.297974,241765941248.000000 
95.547806,38.072910,12.483931,1268553600.000000,55.225971,2.315158,122.389854,195767549952.000000,160.042908,223465635840.000000 
49.874557,1.147930,13.364695,1351766912.000000,90.985474,2.605594,119.096664,180383858688.000000,157.749878,213995585536.000000 
27.620455,67.799973,12.509480,1061572288.000000,0.000000,2.980764,403.444244,7012676534272.000000,550.971497,9118693720064.000000 
34.617653,97.144974,11.343830,1444646656.000000,0.000000,2.574090,362.997742,5108225540096.000000,485.130157,6224130080768.000000 
89.421783,57.759190,11.515138,2781634816.000000,9.326358,3.495402,467.331390,10899648675840.000000,632.729736,13808829464576.000000 
89.484085,58.602249,11.344024,1375283712.000000,0.748184,3.073337,467.331390,10899648675840.000000,632.729736,13808829464576.000000 
86.939079,69.446930,13.128737,1790161792.000000,2.688857,2.407264,502.493134,13550729822208.000000,675.704041,16818752192512.000000 
77.982361,43.269939,12.272762,1901417216.000000,1.063483,2.808304,216.753052,1087537610752.000000,288.513794,1309230759936.000000 
24.824856,69.267609,13.767401,1962100992.000000,9.204973,2.233485,234.059418,1369460310016.000000,307.977600,1592493473792.000000 
88.915298,69.200592,14.788010,4154839552.000000,8.915729,3.818144,200.731415,863764545536.000000,264.244720,1005765066752.000000 
73.300285,40.271152,14.995299,3729564160.000000,10.278652,5.206295,147.346786,341641953280.000000,202.313889,451425239040.000000 
80.911507,97.574158,13.863100,1363284992.000000,15.018778,4.149626,93.070473,86098337792.000000,131.544861,124094218240.000000 
51.387131,99.639374,14.275266,1271334272.000000,24.992218,3.608184,109.157944,138893656064.000000,142.503784,157771792384.000000 
50.263424,15.147900,10.359975,1860881408.000000,1.706061,2.443802,108.835693,137661661184.000000,142.445724,157578838016.000000 
67.209343,66.093292,12.513420,1159792384.000000,18.235046,2.969759,104.367310,121408864256.000000,137.352234,141258489856.000000 
59.166714,33.495148,12.847150,1379811456.000000,55.292488,2.456962,102.259773,114191990784.000000,136.917374,139917230080.000000 
25.184034,67.058533,11.466309,1188516992.000000,21.138664,2.935902,95.470207,92938420224.000000,128.788010,116449632256.000000 
24.608845,66.255402,10.245503,8684505088.000000,0.000000,2.598996,672.236206,32441261621248.000000,926.452820,43346852577280.000000 
24.477467,66.231987,10.593418,1305034880.000000,0.000000,3.092103,672.236206,32441261621248.000000,926.452820,43346852577280.000000 
24.801073,66.319420,10.337298,1049955584.000000,0.000000,3.547096,672.236206,32441261621248.000000,926.452820,43346852577280.000000 
49.416416,14.989985,11.206817,7239174144.000000,0.000000,2.661818,452.084137,9867235426304.000000,635.008972,13959893614592.000000 
42.591862,57.460064,13.811684,1086390144.000000,25.804136,3.125986,103.134758,117153603584.000000,132.622299,127151718400.000000 
79.310028,96.794418,14.039963,1422274304.000000,5.858965,2.857034,102.095169,113642209280.000000,130.956863,122431160320.000000 
47.292198,97.096977,10.007635,5325979136.000000,16.073433,3.186910,392.943756,6479279030272.000000,550.992859,9118989418496.000000 
90.769951,65.668205,12.365650,6345186816.000000,78.339584,3.232633,384.093323,6051031678976.000000,520.950012,7707196653568.000000 
52.217281,11.349686,14.817208,22186643456.000000,7.857287,3.449723,326.650726,3722156179456.000000,492.399292,6508432064512.000000 
34.826904,97.563148,11.410075,3415473920.000000,19.889669,2.391383,362.997742,5108225540096.000000,485.130157,6224130080768.000000 
85.205643,69.079140,10.787178,1240310400.000000,11.362392,4.101204,326.085999,3702993977344.000000,430.613617,4352726532096.000000 
51.915428,28.657200,12.179955,13958920192.000000,7.798103,3.979084,240.277557,1481489252352.000000,326.223389,1892782440448.000000 
37.277641,69.730331,11.976865,2867293952.000000,15.759509,2.152117,234.927383,1384701886464.000000,322.154236,1822624841728.000000 
31.328283,10.567920,11.926610,1504804096.000000,0.000000,2.836135,627.070190,26331972632576.000000,819.206055,29971839975424.000000 
51.879627,19.553448,10.835867,1132407680.000000,0.000000,2.486885,588.893433,21811288866816.000000,784.698730,26342829588480.000000 
50.535854,87.217285,12.579196,1511277056.000000,0.000000,2.333721,599.594971,23020051628032.000000,796.855347,27582909120512.000000 
89.398865,57.829357,11.648540,2874957312.000000,0.433033,0.600831,467.331390,10899648675840.000000,632.729736,13808829464576.000000 
49.307369,70.229851,11.381022,1056483840.000000,1.049282,2.603615,250.018631,1668935188480.000000,337.581940,2097319772160.000000 
31.130062,10.527710,11.936399,3006708224.000000,0.000000,2.930584,627.070190,26331972632576.000000,819.206055,29971839975424.000000 
31.483570,10.395325,11.896852,3256450048.000000,0.000000,3.361082,627.070190,26331972632576.000000,819.206055,29971839975424.000000 
51.856926,19.165672,10.913416,1117084288.000000,0.000000,3.937368,588.893433,21811288866816.000000,784.698730,26342829588480.000000 
50.158207,86.367950,12.271224,1211613312.000000,0.000000,3.561507,599.594971,23020051628032.000000,796.855347,27582909120512.000000 
47.528564,79.501183,10.604347,2521715456.000000,4.125819,3.979368,452.797821,9913640157184.000000,650.640259,15014973931520.000000 
65.931664,68.686684,14.484724,2509381120.000000,1.762746,2.550809,557.950317,18548489453568.000000,755.100586,23470173847552.000000 
20.058771,63.197903,14.405306,1193483136.000000,0.000000,3.288756,424.201691,8151390224384.000000,564.212463,9791910969344.000000 
90.673149,7.912881,10.103574,1222580096.000000,51.927532,2.650193,373.775787,5576262680576.000000,503.021729,6939126792192.000000 
47.790668,89.313965,10.370296,6116902400.000000,1.534647,3.632941,376.082916,5680522592256.000000,508.529419,7168883425280.000000 
14.942479,35.133621,12.734499,4144607744.000000,1.156538,2.889216,340.168427,4203375493120.000000,456.702637,5192879702016.000000 
53.084187,86.377922,13.056513,2608603136.000000,0.858321,3.367525,352.017731,4658796953600.000000,472.606018,5754351779840.000000 
30.198214,65.450836,10.274170,7312779264.000000,10.866433,2.625747,359.039795,4942675312640.000000,476.318329,5890779381760.000000 
51.494629,28.305912,12.223819,7446198272.000000,11.965332,4.384656,240.277557,1481489252352.000000,326.223389,1892782440448.000000 
80.560455,91.524048,13.587898,3588204288.000000,6.352563,3.029909,294.179291,2718678646784.000000,392.366486,3293269983232.000000 
75.716843,41.969673,14.252655,1945254400.000000,5.992188,2.773498,260.616608,1890291941376.000000,354.410248,2426862305280.000000 
80.641953,4.047953,11.384643,2292986368.000000,1.397416,2.029294,259.984802,1876508672000.000000,340.579193,2153565257728.000000 
86.575378,49.477055,14.236752,2250049024.000000,59.052395,2.533072,122.864197,198048694272.000000,159.359421,220612083712.000000 
93.341331,65.666588,11.392845,1118577920.000000,57.723949,2.040976,116.766052,170013573120.000000,152.949158,195053699072.000000 
31.953115,10.072433,11.436888,19896334336.000000,20.170692,5.295649,627.070190,26331972632576.000000,819.206055,29971839975424.000000 
47.483692,79.606552,10.466989,49704415232.000000,11.004083,2.881582,452.797821,9913640157184.000000,650.640259,15014973931520.000000 
65.936371,68.258614,14.591268,47994363904.000000,5.056507,3.220752,557.950317,18548489453568.000000,755.100586,23470173847552.000000 
67.247147,62.505169,14.372447,1668168320.000000,48.247143,3.274951,117.540390,173439139840.000000,154.118713,199580270592.000000 
54.755032,61.358086,13.609137,1621383424.000000,68.002808,3.114150,116.178078,167446708224.000000,153.338974,196543610880.000000 
89.657295,57.245319,10.656091,3079197696.000000,9.598247,3.661474,113.527626,156259024896.000000,148.235962,177566646272.000000 
91.648926,6.089117,10.678019,1383848064.000000,35.968132,2.120286,112.656303,152685543424.000000,148.267563,177690083328.000000 
50.279644,13.916160,11.120264,1949571328.000000,7.521426,3.092813,109.522354,140305809408.000000,143.342896,160548667392.000000 
51.216850,14.326656,13.995010,1511746048.000000,2.896305,3.558178,112.451195,151871733760.000000,146.235123,170461544448.000000 
84.862915,24.613392,10.587005,1620343296.000000,65.903198,2.912415,109.575432,140516982784.000000,143.041107,159549702144.000000 
89.347855,58.673489,12.033011,9301906432.000000,1.623612,3.222287,467.331390,10899648675840.000000,632.729736,13808829464576.000000 
49.633430,14.878303,11.191236,4332893184.000000,0.000000,2.472722,452.084137,9867235426304.000000,635.008972,13959893614592.000000 
49.205906,15.190629,11.110423,158544445440.000000,308.327057,10.628341,452.084137,9867235426304.000000,635.008972,13959893614592.000000 
19.629986,63.279808,14.752671,124383051776.000000,245.946609,2.784910,424.201691,8151390224384.000000,564.212463,9791910969344.000000 
90.528717,65.935707,12.586465,106387243008.000000,235.838089,6.605275,384.093323,6051031678976.000000,520.950012,7707196653568.000000 
34.715416,97.146950,11.241039,92537380864.000000,206.860397,6.238526,362.997742,5108225540096.000000,485.130157,6224130080768.000000 
74.370193,15.022478,13.191844,68840742912.000000,223.371826,4.472875,356.180634,4825688309760.000000,480.140015,6034229297152.000000 
32.678295,66.669991,14.641356,56035655680.000000,193.565903,4.334234,334.475555,3996080406528.000000,442.601685,4726636150784.000000 
75.788658,81.851219,10.004611,51909201920.000000,162.568054,6.178127,304.444855,3013657231360.000000,402.225098,3547309801472.000000 
29.735941,68.118546,11.953936,68239118336.000000,138.967361,5.797163,280.877533,2366603526144.000000,370.319183,2768712761344.000000 
68.425285,4.086648,11.092152,55152185344.000000,164.994781,7.281069,272.434906,2159446458368.000000,363.868835,2626386395136.000000 
32.148876,11.528728,10.648797,62431657984.000000,174.206818,4.215469,277.560242,2283438342144.000000,368.249969,2722499919872.000000 
47.746166,79.821999,10.478208,65938464768.000000,14.663736,8.597823,452.797821,9913640157184.000000,650.640259,15014973931520.000000 
76.823128,84.457359,10.698060,37868863488.000000,138.768707,4.650175,256.896942,1810690211840.000000,339.753204,2137899270144.000000 
86.704681,23.891840,10.568240,38539718656.000000,160.686234,5.383757,245.281662,1575749419008.000000,330.465515,1967576317952.000000 
65.538284,37.802429,12.009228,32504066048.000000,103.364082,6.311359,237.355896,1428162740224.000000,315.823883,1717277425664.000000 
50.413116,86.991829,12.512447,223807750144.000000,306.983826,12.920280,599.594971,23020051628032.000000,796.855347,27582909120512.000000 
29.422844,10.954331,13.486585,1563017984.000000,27.802507,3.059570,97.134277,97868611584.000000,128.067093,114515763200.000000 
89.880959,6.897739,11.131234,2264455168.000000,39.900288,3.105023,99.623863,105593397248.000000,130.799545,122000482304.000000 
37.954342,70.276505,12.508476,1145722752.000000,12.333714,2.003035,99.554596,105382223872.000000,130.303085,120608497664.000000 
24.749769,66.941765,10.624349,7901630976.000000,1.501043,2.763297,672.236206,32441261621248.000000,926.452820,43346852577280.000000 
24.353785,66.267471,10.430470,2482384128.000000,0.000000,3.094408,672.236206,32441261621248.000000,926.452820,43346852577280.000000 
24.957047,66.147675,10.398100,1729126272.000000,7.931179,3.362358,672.236206,32441261621248.000000,926.452820,43346852577280.000000 
24.532036,66.262367,10.057274,1107407872.000000,0.000000,2.202892,672.236206,32441261621248.000000,926.452820,43346852577280.000000 
49.127666,15.186469,11.107274,8875058176.000000,0.521457,2.001707,452.084137,9867235426304.000000,635.008972,13959893614592.000000 
84.251144,26.492737,10.113729,1171837312.000000,56.654716,2.444071,96.431854,95752536064.000000,128.375458,115336249344.000000 
52.294941,20.472647,10.575664,2580391936.000000,0.941682,3.540781,90.645340,79544705024.000000,118.988037,91843084288.000000 
26.883812,67.310799,12.378895,17096047616.000000,27.522762,2.466485,403.444244,7012676534272.000000,550.971497,9118693720064.000000 
89.755653,7.113836,10.651373,6160195072.000000,5.768610,3.279973,373.775787,5576262680576.000000,503.021729,6939126792192.000000 
51.817402,11.716372,14.683155,9801888768.000000,15.882332,2.304967,326.650726,3722156179456.000000,492.399292,6508432064512.000000 
14.167619,8.340599,13.848516,6893412864.000000,25.076651,2.695821,348.094025,4504247861248.000000,472.014709,5732630528000.000000 
91.238380,43.842800,14.826692,20474480640.000000,19.373821,5.400647,321.762878,3557380325376.000000,442.716339,4730409451520.000000 
37.627125,69.735237,12.238542,12172573696.000000,164.686157,2.626692,234.927383,1384701886464.000000,322.154236,1822624841728.000000 
88.023483,5.061824,12.498904,31563403264.000000,66.002426,2.924755,262.068604,1922189885440.000000,342.415894,2188690063360.000000 
31.440615,10.782199,11.708025,1171650176.000000,0.000000,1.747915,627.070190,26331972632576.000000,819.206055,29971839975424.000000 
51.734596,18.910820,10.720079,1081891456.000000,0.000000,3.969251,588.893433,21811288866816.000000,784.698730,26342829588480.000000 
47.572601,79.470047,10.478847,2994282752.000000,1.312307,3.671293,452.797821,9913640157184.000000,650.640259,15014973931520.000000 
49.157566,15.044761,11.202905,1332423040.000000,0.000000,2.483606,452.084137,9867235426304.000000,635.008972,13959893614592.000000 
50.293556,58.048466,10.230255,1038608448.000000,0.000000,2.825207,283.290283,2427712176128.000000,372.356415,2814552834048.000000 
31.489946,10.802132,11.326501,2013779840.000000,0.000000,3.434171,627.070190,26331972632576.000000,819.206055,29971839975424.000000 
51.460785,20.329306,10.405261,1856838656.000000,0.000000,3.522185,588.893433,21811288866816.000000,784.698730,26342829588480.000000 
49.715103,86.841789,12.440840,1171956224.000000,4.871873,1.988326,599.594971,23020051628032.000000,796.855347,27582909120512.000000 
47.126183,80.478630,10.454669,4551428608.000000,6.260407,3.622055,452.797821,9913640157184.000000,650.640259,15014973931520.000000 
66.116745,68.082779,14.733863,4210193408.000000,1.299989,3.503676,557.950317,18548489453568.000000,755.100586,23470173847552.000000 
66.060989,67.743706,14.801422,1011338816.000000,0.000000,2.646601,557.950317,18548489453568.000000,755.100586,23470173847552.000000 
38.812294,70.792374,12.484190,6316247040.000000,3.369115,3.373965,357.350037,4872941338624.000000,474.954803,5841197465600.000000 
90.445488,7.759778,10.319221,1139619456.000000,16.026518,2.720664,373.775787,5576262680576.000000,503.021729,6939126792192.000000 
51.829762,11.420799,14.677540,15872459776.000000,1.762858,2.475235,326.650726,3722156179456.000000,492.399292,6508432064512.000000 
14.885363,34.994953,12.795478,1627281664.000000,0.775818,2.616395,340.168427,4203375493120.000000,456.702637,5192879702016.000000 
52.957413,86.152557,13.424370,1031345280.000000,5.620784,2.758220,352.017731,4658796953600.000000,472.606018,5754351779840.000000 
30.317051,65.416466,10.257106,6410335232.000000,2.052834,3.384153,359.039795,4942675312640.000000,476.318329,5890779381760.000000 
51.619343,28.117060,12.215535,1515746816.000000,5.429668,3.542784,240.277557,1481489252352.000000,326.223389,1892782440448.000000 
80.276840,91.417732,13.868821,3146052096.000000,4.122060,4.411663,294.179291,2718678646784.000000,392.366486,3293269983232.000000 
49.404678,70.558586,11.551095,1784251648.000000,11.858638,4.058655,250.018631,1668935188480.000000,337.581940,2097319772160.000000 
31.914116,10.717411,11.118590,1269116544.000000,0.000000,3.474640,67.198578,32408520704.000000,87.872543,36992659456.000000 
94.075272,36.131176,14.428945,2153193472.000000,84.347328,2.338149,120.826256,188350676992.000000,158.392685,216649646080.000000 
71.547134,93.689278,14.508896,2065029632.000000,36.517796,3.990230,120.381180,186323402752.000000,156.574066,209248501760.000000 
31.737234,10.515308,11.512045,9991075840.000000,20.140345,2.878951,627.070190,26331972632576.000000,819.206055,29971839975424.000000 
47.660255,80.002663,10.134131,19734032384.000000,15.224024,3.756402,452.797821,9913640157184.000000,650.640259,15014973931520.000000 
66.144760,68.019905,14.655004,16176634880.000000,1.800842,2.875092,557.950317,18548489453568.000000,755.100586,23470173847552.000000 
63.269287,92.648476,11.706311,1206320256.000000,91.172722,2.887754,117.709053,174189019136.000000,155.899124,206551711744.000000 
91.363060,64.185997,11.192049,1909656320.000000,12.207512,4.044229,116.811035,170210492416.000000,152.668594,193985462272.000000 
75.359390,70.100960,10.995654,1621681664.000000,36.886379,2.998574,113.911461,157837131776.000000,149.905884,183644602368.000000 
62.774376,27.667143,10.809588,1106822016.000000,63.680405,2.289434,116.719048,169815801856.000000,151.925186,191146508288.000000 
51.941528,96.940369,13.255960,1170609408.000000,61.652344,2.397951,113.699791,156956573696.000000,148.314590,177853005824.000000 
80.203575,95.121704,14.590638,1319555072.000000,80.772537,2.263077,112.511772,152105254912.000000,146.666275,171989303296.000000 
67.305305,17.859612,11.424638,1131779712.000000,66.034698,2.094883,109.103775,138687447040.000000,142.437134,157555376128.000000 
50.054333,14.332634,11.506311,13390554112.000000,58.364365,3.196061,452.084137,9867235426304.000000,635.008972,13959893614592.000000 
80.217026,97.539314,14.372941,21939425280.000000,1.673432,2.923102,463.108612,10606722678784.000000,612.988953,12556585402368.000000 
80.385078,97.542061,14.465649,103928987648.000000,242.363388,6.718189,463.108612,10606722678784.000000,612.988953,12556585402368.000000 
38.597004,71.088867,13.022201,84226015232.000000,225.142426,9.387272,357.350037,4872941338624.000000,474.954803,5841197465600.000000 
90.084206,7.430948,10.468284,128414990336.000000,215.998230,5.240618,373.775787,5576262680576.000000,503.021729,6939126792192.000000 
14.149770,7.934618,13.915716,108512985088.000000,217.318542,3.523791,348.094025,4504247861248.000000,472.014709,5732630528000.000000 
30.418825,65.425919,10.108162,48489054208.000000,212.831177,3.249051,359.039795,4942675312640.000000,476.318329,5890779381760.000000 
52.019974,28.675285,12.078603,30075049984.000000,166.335266,3.076281,240.277557,1481489252352.000000,326.223389,1892782440448.000000 
93.995972,66.830330,12.162150,81625219072.000000,139.991943,5.543830,288.787781,2572191531008.000000,380.936737,3013621579776.000000 
14.031324,34.536846,13.638730,49874030592.000000,166.457947,6.388103,278.157104,2298193117184.000000,371.828125,2802509152256.000000 
50.649693,13.648196,13.019247,58552152064.000000,172.427429,6.703958,287.024963,2525421109248.000000,377.385986,2929945739264.000000 
49.334961,70.220230,11.357232,27774496768.000000,179.136154,4.704704,250.018631,1668935188480.000000,337.581940,2097319772160.000000 
89.401344,57.830505,11.652128,119883276288.000000,323.576569,8.383462,467.331390,10899648675840.000000,632.729736,13808829464576.000000 
96.129448,35.872593,13.824147,44099538944.000000,133.378906,4.243013,260.464478,1887160631296.000000,339.830597,2139647246336.000000 
54.801640,83.595039,12.816330,39517650944.000000,254.700455,2.127320,261.156799,1902142947328.000000,344.574646,2230367551488.000000 
24.749594,66.266762,10.026003,268232802304.000000,379.499817,13.165783,672.236206,32441261621248.000000,926.452820,43346852577280.000000 
47.807262,80.390366,10.683593,155012612096.000000,393.231720,9.346226,452.797821,9913640157184.000000,650.640259,15014973931520.000000 
